-24.285539917934027 -1.468066983405926
-32.69695978299617 -13.43801597611533
-4.171391804560653 -22.56051260261418
-5.163135692105175 -32.611881687110106
-12.874613989798135 -22.082543611803366
-1.0248867096912235 -13.313049037464584
-4.522401734126127 -10.308590853278272
-3.2737533169802084 -6.313364551406188
-2.858688312531225 -24.924532890620693
-19.658441037743167 -31.870081166819872
-27.327537026043306 -1.1948900732746282
-33.206102669969304 -7.585063604967875
-32.10827454092279 -26.234544611649987
-3.8142829503119167 -3.4615539496164516
-28.92645158873297 -4.186959687818952
-30.268898005278356 -22.568107053507404
-31.066754078213656 -18.06988646625075
-6.241651756203254 -15.139191577160297
-19.678946784381203 -23.24019162062325
-19.004862853848245 -7.152896091114382
-7.3971409046722165 -23.135099585098736
-3.0759691067038055 -21.20261722190076
-10.840335438821633 -20.113000687915783
-11.844770163292203 -0.44436502976785874
-5.268877722443076 -30.153645876549596
-1.8843680983192712 -31.139200689883396
-33.60370190734326 -5.415630264600132
-0.1959429201492 -17.835906794234027
-30.87322914082408 -20.72547053971946
-3.074727815648888 -13.389714438891623
-15.243485793348512 -8.289999279565553
-11.307758866330381 -23.744450559819807
-18.8218562689502 -26.166898086404238
-21.667922385493732 -32.03629364870909
